97
224
181986310
2948246414
122927957
182441268
123041870
176511939
188368918
1040199
175940824
2948600448
2948636419
147787529
105551843
105551972
90100075
105631195
2948636618
176278353
105114322
90065211
2948831451
105595866
147578126
153299086
1041136
12660172
116720573
175941761
187560797
89664851
1168331
152975372
170064347
176068956
182232267
194555914
123162944
10913
147333586
11122
57218
89540403
105071523
2948306643
1041423
175942048
188492570
1270834
105331235
2948566355
176171459
89835432
105366552
2948601672
105402523
2948683262
1492666
90021947
105553067
2948788187
176393291
1531997
1578093
105592398
2948827518
215890878
1572018
1042062
101190379
175942687
89602250
89800754
2948566994
3545806769
122930017
105477090
153379698
148023374
175825276
1042408
147452279
169938295
175943033
1169603
105230004
176070228
3264422232
12197
924870
136973766
1042627
175943252
105165325
176070447
147789957
1533072
105593473
2948828593
105633494
176514435
196889605
208402942
1170266
176070891
105554715
105633938
925766
175826391
983392
175884017
188401814
1043394
97102995
175944019
89699999
89837403
105368523
2948603643
1533968
1573989
176474614
142772867
13322
105478651
105594598
123124843
105555627
13786
105015379
105166914
105405187
90024611
153381723
1741786
136975590
12663326
97103923
147454322
188433043
222577778
176072271
927170
122477795
175827795
192621609
1044798
12663834
116724235
169940814
175945423
187564459
222578254
176072747
222578495
170512610
89479980
215309580
979806
175880431
1134371
1167132
105227533
137216028
147577132
176067757
1269219
176169844
1340507
97400108
113891388
176241132
1491051
101491051
147901051
176391676
1530382
90059663
105590783
2948825903
1570403
90141351
105672471
2948907591
118556259
123162695
176471028
101611120
208971120
90181820
105712940
2948948060
90310349
105841469
2949076589
967060
122517685
175867685
182030996
192661499
188311693
2948291100
980598
175881223
1084688
169980704
175985313
222618144
188535835
2948574951
1270011
89843847
105374967
2948610087
1341299
122936012
1491843
176392468
90145031
105676151
170507928
1781860
176682485
122502940
981422
175882047
105071524
109284640
147451424
89800116
105331236
2948566356
137319731
89871404
105402524
2948637644
1531998
90061279
105592399
2948827519
1572019
90101300
105632420
2948867540
176472644
12661099
101042063
187561724
182105999
188430784
97438994
925092
175825717
953611
152760652
175854236
132062319
1073627
176070669
182233980
1272131
176172756
105415064
1343419
101343419
122894044
176244044
142538211
1417347
90023244
101493963
105554364
182557899
176433919
1573315
105633716
176473940
97673633
105674433
142772193
176514657
182677968
1740419
90269700
105800820
2949035940
1783980
176684605
122476392
147335767
175826392
109286611
97230320
105231120
147580719
152977760
176071344
97440326
188769446
170390654
1614707
123165332
148024707
176515332
182678643
13787
1044088
116723525
175944713
176072037
89874068
105555732
1534662
97594263
105595063
118520518
1574683
1623995
90103964
105635084
2948870204
176475308
1045040
9640
50407
950700
175851325
89509088
105069909
122560133
2948366237
105162636
113661427
105294952
1269220
89798501
105329621
2948564741
109512436
153076261
176169845
105364938
158656473
89869789
105400909
2948636029
1414436
105474837
176315061
1491052
123041677
176391677
1530383
90059664
105590784
2948825904
118516239
123121029
90181821
105712941
2948948061
9900
10300
122531224
89583669
2948349909
105114324
89799293
2948565533
105374036
105445324
176241925
182405236
1415228
105519252
176315853
109735060
1531175
1571196
208971913
10503
10708
10915
117909444
122474213
169819604
175824213
181987524
109284432
169937232
222574672
89697821
97228141
105228941
2948464061
97438147
188767267
1612528
105672929
176513153
182676464
196888102
11124
152730838
137090321
1270836
176171461
105366554
2948637645
164389485
90021949
105553069
2948788189
90101301
105632421
2948867541
11763
142082597
147334436
12661100
109285280
187561725
97228989
147579388
158521324
176280019
195602483
188768115
93850192
11980
89512000
152789760
188371440
89541701
105072821
2948307941
1170045
147580045
176070670
194728275
105297864
1272132
89801413
176172757
182336068
89836730
1343420
105451036
122941260
176244045
137428947
1455317
176355942
1493964
176394589
215892176
90102597
105633717
2948868837
105680932
2948916052
123123941
1614033
101614033
158965969
170510049
176514658
196889607
96985369
147335768
101191713
116722833
2959957953
1170720
89700001
97230321
105231121
2948466241
147580720
176071345
97440327
1614708
15826346
105675109
176515333
190726971
182678644
196890282
89484261
105015381
2948250501
170067429
176072038
182235349
1273500
89802781
105333901
2948569021
176174125
90024613
105555733
2948790853
90186101
105717221
2948952341
147337413
169823672
89538790
142325295
176067759
1304538
89833819
105364939
2948600059
1340509
176241134
101491053
90099686
105630806
2948865926
10301
54389
2529967668
89553969
122575313
199769501
122666222
2518876381
2518900989
105409354
122855955
122936014
182405237
1459317
1491845
1531176
1575264
1574799
208971914
1781862
176682487
10709
923798
152788465
188430147
105412174
89917025
105448145
2948683265
113893006
90021950
105553070
1532000
105592401
1572021
1617640
105632422
153379062
176472646
1654157
90183438
1739125
11764
11981
12421
132062321
152819462
188401142
105165549
176070671
182233982
1272133
89801414
105332534
2948567654
176172758
1307450
105415066
1343421
97403022
176244046
182407357
89946630
105477750
2948712870
90023246
105554366
2948789486
176394590
182557901
1533296
90062577
105593697
2948828817
1573317
90102598
105633718
2948868838
176473942
90143315
105674435
2948909555
142772195
208974034
158277705
158732663
1614709
105675110
176515334
1784657
13789
63101
136975358
984088
105044489
175884713
1044090
137092986
175944715
182235350
105405190
1381420
176282045
89947998
105479118
2948714238
1495333
90024614
105555734
2948790854
176395958
1534664
1583976
1574685
1623997
1611123
208971123
181986446
105195298
152941939
188523619
182441601
188880299
1611647
176512272
142081067
147450534
182231794
136972411
1378341
10917
147334570
105133374
176070147
182233458
105331878
1613510
105673911
176514135
182677446
196889084
188341895
1042414
182106351
188431136
89699020
105230140
2948465260
170065755
176070364
182233675
194557322
122930370
188768466
1613727
105674128
176514352
182677663
196889301
12201
90102378
105633498
2948868618
1343554
176244179
169821466
116722515
1170402
89699683
105230803
2948465923
176071027
1043529
175944154
1105824
176006449
176281485
90023922
105555042
2948790162
13326
13457
105594602
1574222
13557
122476987
136975258
181990298
188315083
983856
12663026
187563651
175944616
97440921
105555635
123165927
13790
1044091
175944716
1138654
153302375
1534665
1574686
1623998
1741790
14501
137221022
182236062
9511
105040211
89538792
105069912
2948305032
152816552
142325297
176067761
182231072
2948600061
89869792
105400912
2948636032
147787142
1491055
101491055
153298096
176391680
182554991
1570407
176471032
182675060
208971124
1737511
90266792
105797912
2949033032
137015960
1084692
175985317
89843851
105374971
2948610091
101341303
1491847
90021128
90065216
176392472
188924656
90145035
105676155
2948911275
189004008
1611916
105672317
176512541
208971916
105757359
1826151
11127
923800
122474425
175824425
181987736
192618239
981426
175882051
1041428
12660464
116720865
109284644
137090324
169937444
175942053
187561089
188430149
222574884
1103854
105164255
2948399375
1270839
89800120
105331240
2948566360
142429000
176171464
1342127
105402528
122892752
176242752
147788758
1532002
97591603
1572023
1617642
90268408
105799528
2949034648
924439
96984040
147334439
97228992
97438998
158731333
182443333
188768118
90142660
105673780
2948908900
208973379
982722
175883347
1170048
105230449
147580048
176070673
1272135
132351736
176172760
101343423
182407359
182443990
1493967
90023248
105554368
2948789488
176394592
182557903
1614036
123164661
170510052
176514661
182677972
1740423
2949035944
96985372
122476396
182107335
97230324
176071348
182234659
194558306
97440330
137092988
1171416
105231817
170067432
176072041
182235352
194558999
137322399
89838101
105369221
2948604341
1495335
1534666
90063947
105595067
2948830187
1574687
1623999
2948870208
176524624
105069913
1102239
89631520
105162640
2948397760
176002864
1167137
105227538
147577137
176067762
1269224
89798505
105329625
176169849
113891393
182404448
1414440
176315065
90020337
105551457
2948786577
176391681
90141356
105672476
2948907596
170507141
90181825
105712945
2948948065
1781073
176681698
1825360
90354641
105885761
2949120881
122473602
1270016
89799297
2948565537
105374040
176170641
122900046
89915140
105445328
105446260
2948681380
176241929
182405240
90065217
2948831457
105595872
1342128
176242753
137541568
1532003
1617643
90146924
105678044
2948913164
175825065
1613380
123164005
176514005
147789834
188768555
12424
136973993
89482897
105014017
2948249137
89541705
105072825
2948307945
152912192
13664343
154822504
109515352
101343424
113894305
101493968
142772198
170510053
196889611
1783985
175826397
188314493
12662436
101191717
97103001
116722837
2959957957
187400892
137219620
176071349
113931611
176281355
105675113
122477090
12663129
101192410
116723530
2959958650
187563754
182108029
1171417
176072042
188884057
1534667
176435292
1309773
176210398
9513
13661432
105227539
117721833
144741033
182557448
176067763
188562057
182231074
194725368
89798506
89840173
105329626
2948564746
105371293
2948606413
137318121
153076266
1340513
153298098
182554993
105590789
182594324
90141357
105672477
2948907597
182675062
90181826
105712946
2948948066
105754613
123203170
54393
147577930
89843386
2948609626
105374041
1305334
1415233
105595873
1611918
170507934
11129
981428
1041430
169937446
175942055
12425
170066066
2518903113
105367855
153114495
1417353
176394594
105680937
1614038
90143319
105674439
2948909559
158965974
208974038
926466
122477091
175827091
192620905
1044094
12663130
116723531
169940110
175944719
187563755
222577550
1171418
176072043
182235354
1308822
89838103
105369223
2948604343
105405194
105555738
176067959
1167531
1040406
116719843
142198567
175941031
10509
1531384
2948637235
105672728
11769
1042203
175942828
182443469
1532644
142082820
188341899
12205
89511785
105072606
188400926
2948638726
208739836
188921801
123123726
89541707
105072827
2948307947
1343426
176244051
90102603
925774
122476399
175826399
1043402
175944027
222576858
176071351
89483803
188922926
142202023
188769913
105333907
1044330
175944955
105555974
89701411
132059415
105069916
160071434
176067765
105329628
1340515
176241140
195218291
1491059
176391684
1530390
90059671
105590791
2948825911
90181828
223358819
10307
147332980
158392544
132571452
1571203
90100484
2948866724
176471828
1611920
148021920
208971920
953619
175854244
105230453
122822764
97403028
90102604
90143321
105674441
2948909561
114164921
123164665
170510056
2948250508
152820836
105166923
2948402043
109414636
147581420
105479124
90024620
105555740
2948790860
215854220
1534670
90103972
105635092
2948870212
122785184
122819853
122855170
1340516
176241141
182554996
90181829
90223956
123009949
10716
147333596
181987532
150586603
132061032
109284649
1072340
175972965
122786800
1270844
153077885
176171469
182334780
1492676
176393301
1572028
176472653
123246916
11988
89801421
2999713508
132005377
169822021
1170957
175827329
175827566
9517
50284
979816
100865189
105040217
2948275337
175880441
1009517
175910142
215368398
1167142
109721037
101167142
105227543
176067767
182231078
89833827
105364947
2948600067
101340485
89943726
105474846
2948709966
176315070
101491061
1530392
1570413
90181830
105712950
2948948070
90310359
105841479
2949076599
10309
105207060
176003661
1167934
182405245
1531184
1574807
90104553
2948870793
105635208
182595120
1571205
1611922
170507938
1653341
90182622
2948948862
105757365
11133
923806
122474431
175824431
192618245
105041833
152818174
1041434
12660470
101041434
116720871
147451434
169937450
175942059
187561095
188430155
222574890
182136277
105164261
89835443
105366563
2948601683
1342133
153149174
147788764
90021958
105553078
1532008
105592409
1572029
90101310
105632430
2948867550
176472654
105714566
953621
89482902
105014022
2948249142
175854246
117968584
175913054
1073637
89602918
105134038
2948369158
175974262
182137573
105165557
2948400677
152912197
1170054
147580054
170066070
176070679
153079182
113894310
132459661
101493973
123044598
176394598
1573325
105633726
123123950
153380366
176473950
90143323
105674443
2948909563
158965978
90184742
105715862
2948950982
13797
1044098
175944723
105166925
2948402045
1171422
176072047
182235358
188662230
158660762
105405198
2948640318
1534672
1574693
1624005
90103974
105635094
2948870214
118560549
1741797
90271078
105802198
2949037318
208705749
105556694
1535624
90064905
105596025
2948831145
9518
979817
117965641
175880442
105162646
1167143
102190718
105227544
137216039
147577143
176067768
188562062
122785186
1269230
105371298
122819855
182333166
1340518
89869799
176241143
97550663
105551463
123041687
132570663
176391687
1570414
1612081
90099695
90141362
105630815
2948865935
105672482
2948907602
118556270
123121039
176471039
176512706
208971131
1737518
90310360
105841480
10310
182031007
980609
175881234
105114334
122697750
89843858
105374978
2948610098
153121151
2948644948
105410295
1341310
89870591
2948636831
105445334
176241935
182405246
188730031
1491854
105595878
176392479
1531185
90060466
176431810
1571206
90144575
176471831
176512548
182675859
10718
11134
89510714
122561759
1041435
137090331
147451435
175942060
1270846
105331247
176171471
89835444
105366564
2948601684
122856788
1342134
89871415
105402535
2948637655
122892759
1492678
90021959
105553079
2948788199
153299719
176393303
1532009
90061290
105592410
2948827530
176432634
1572030
1617649
90101311
105632431
2948867551
90268415
105799535
2949034655
152789770
105072831
1170055
176070680
89766754
1272142
105379758
176172767
215631023
105415075
1343430
153150471
182407366
101493974
105554375
182557910
1573326
153380367
176473951
1614043
101614043
105674444
176514668
196889617
90269711
2949079512
13334
13798
63110
926471
122477096
175827096
192620910
1044099
12663135
116723536
169940115
175944724
187563760
182108035
222577555
105166926
122657150
101171423
105333911
122895423
1495342
1544654
90024623
105555743
2948790863
105605055
123095279
176395967
176445279
1534673
90063954
97594274
105595074
2948830194
182598609
1574694
1624006
90103975
105635095
2948870215
9519
2948366248
105162647
2948397767
121904654
147577144
176067769
194554727
89729816
89869800
176277775
101491063
105590795
123375992
10311
54399
132060211
1084700
175985325
1071519
175972144
2948680920
1422030
147832030
109735071
1575274
1571207
176471832
109855140
2948992952
1826159
11135
923808
122474433
175824433
192618247
952327
1011135
175911760
1041436
12660472
116720873
169937452
175942061
187561097
222574892
1072343
105132744
175972968
105799536
59646
105043131
149039170
105230457
170066072
208530056
1307460
105367861
176208085
1343431
105403832
89946640
105477760
2948712880
101493975
1533306
90102608
105633728
2948868848
90143325
105674445
2948909565
176514669
90184744
105715864
2948950984
90313273
2949079513
13799
926472
122477097
175827097
192620911
1044100
12663136
116723537
169940116
175944725
187563761
222577556
176072049
182235360
1273511
176174136
1534674
134209677
137088912
182231276
176511953
9912
90020737
105551857
2948786977
1040412
175941037
137216833
109855141
1071723
105552665
10927
12660264
1305956
176206581
1041437
175942062
1316944
113893017
182406072
1532011
12661112
142327561
2948567008
182106229
176070242
182233553
194557200
12211
105042911
105072612
2948307732
1573107
209143772
105888460
1042956
147452956
175943581
90102832
105633952
2948869072
176514893
13107
136974676
105014700
152820148
116722845
175944033
105166235
147580732
105333220
105368537
89873388
105404508
2948639628
1533982
13336
926009
122476634
175826634
192620448
1043637
12662673
116723074
169939653
175944262
187563298
222577093
188922932
926373
122476998
175826998
192620812
1044001
12663037
116723438
169940017
175944626
187563662
222577457
13800
62112
101044101
1075008
1171425
13665719
117726120
182561735
188566344
194729655
176395969
182598611
1574696
1044336
175944961
147581660
122895660
181991361
132059421
1070729
105162649
2948397769
105227547
147577146
170063162
176067771
194554729
208527146
1269233
105329634
105371301
122861525
176169858
89875498
105406618
2948641738
1340521
89869802
105400922
2948636042
176241146
147787152
89943730
105474850
122965074
215773330
1491065
90020346
97550666
105551466
2948786586
123041690
176391690
182555001
188879786
1530396
1570417
90141365
105672485
2948907605
123162709
90181834
105712954
2948948074
90310363
105841483
2949076603
176681707
147377074
188311707
89799306
2948565546
105374049
101341313
105446269
147832032
1415241
2948754850
101491857
105595881
123086570
176392482
90060469
2948826709
105635212
153338229
90144578
2948910818
105675233
1611926
118597782
137660822
170507942
182675862
208971926
105930185
182135660
10928
1168553
11137
109167026
147333810
981436
89510717
175882061
1041438
101041438
175942063
188430159
1072345
89601626
105132746
2948367866
175972970
105164265
2948399385
89800130
105331250
2948566370
1342137
176242762
147788768
89945346
105476466
2948711586
122966690
105553082
1532012
2948827533
105632434
105714570
147334449
181988385
1169401
89698682
105229802
2948464922
176070026
97439008
182443343
1613389
176514014
182677325
196888963
188431234
137218954
176070683
208530058
105379761
122822770
153079186
101343433
182407369
137428960
1417361
105477762
97553578
105554378
182557913
90062589
105593709
2948828829
1573329
105633730
176473954
1614046
109857262
170510062
208974046
12662445
187563070
187400901
193889948
89700014
105231134
2948466254
176071358
182234669
194558316
208530733
1380739
109623955
176281364
188769460
1170962
1574233
13801
926474
122477099
175827099
192620913
954993
175855618
105044501
1044102
12663138
116723539
169940118
175944727
187563763
222577558
176072051
137322409
89838111
89874082
122895426
132424402
105479130
1495345
105555746
176395970
1534676
1574697
1624009
105635098
1785362
176685987
122477100
1044103
137092999
1171427
122932058
9523
105040223
2948275343
89538804
105069924
2948305044
105162651
2948397771
1167148
102190723
101167148
105227549
137216044
176067773
89729820
122785191
89840183
105371303
2948606423
89833833
105364953
2948600073
122855177
113891404
122891148
222873979
89985399
105516519
2948751639
182478387
105551468
1530398
90059679
105590799
2948825919
118516254
1570419
90099700
105630820
2948865940
176471044
105712956
123203180
90310365
105841485
2949076605
1825371
54403
967076
97026677
122517701
137015972
175867701
192661515
199725427
3970136316
1084704
12703740
137133600
169980720
175985329
222618160
1115611
1103042
122697755
176003667
147577940
176068565
188658748
1305344
176205969
101341315
2948636836
105446271
176315868
188803964
176471836
90227183
105758303
2948993423
189042068
12660267
187560892
14537714
142770704
11139
923812
136972708
175824437
89540420
105071540
2948306660
1041440
137090336
147451440
175942065
222574896
182136283
89835449
105366569
2948601689
113893020
89945348
105476468
2948711588
90021964
105553084
1532014
1572035
1617654
105632436
90183452
105714572
2948949692
105799540
1826987
953627
89482908
105014028
2948249148
175854252
982734
132062335
175883359
89541716
89588931
105072836
2948307956
105120051
2948355171
1170060
176070685
105379763
101343435
90062591
105593711
2948828831
123083935
1573331
1620546
90102612
105633732
2948868852
123171171
176473956
176521171
90143329
105674449
2948909569
109857264
123164673
208974048
13803
926476
122477101
175827101
192620915
105074204
1044104
12663140
116723541
169940120
175944729
187563765
222577560
122657155
1534678
90063959
105595079
2948830199
118520534
1574699
176475324
9524
979823
175880448
89631532
105162652
13661443
147577149
176067774
188562068
182231085
2948530088
122785192
89798517
105329637
2948564757
122819861
89869805
113891405
176241149
89943733
105474853
2948709973
123041693
1530399
3210113156
109854353
170507153
182675073
105797925
153544565
181986525
89696822
105227942
2948463062
10316
188311710
980615
175881240
147577941
1270028
109513244
176170653
89834626
2948600866
105409369
1341316
2948680925
176241941
182405252
1415244
176315869
182479180
90021141
109735076
176392485
182555796
1531191
1571212
176471837
137660825
105757372
123248061
105798717
216097197
117909460
201912483
11140
136972709
981439
101041441
116720878
147451441
1270852
153077893
176171477
89835450
1492684
105553085
176393309
1532015
105592416
105632437
142770914
1739140
3263732846
1169189
89698470
105229590
2948464710
109412405
176069814
158521340
201913331
113930508
93616662
982735
175883360
89541717
2948307957
89602925
1170061
105230462
109413277
147580061
170066077
176070686
182233997
89732733
1272148
105332549
153079189
176172773
89836746
1343436
153150477
176244061
182407372
105554381
176394605
182557916
1573332
176473957
1614049
105674450
132693650
151874583
176514674
90313278
182444226
169822260
142202033
158733138
97674785
13804
926477
122477102
175827102
192620916
122505621
984103
100869476
105044504
2948279624
175884728
1013804
1044105
12663141
116723542
169940121
175944730
187563766
222577561
105231830
109414645
176072054
182235365
1495348
1544660
105555749
105605061
109738564
123045973
176395973
176445285
1534679
1574700
1624012
158278885
9525
979824
175880449
182043760
105227551
147577150
176067775
182231086
89798518
97328838
105329638
2948564758
1340525
132420126
176241150
182404461
147787156
89943734
105474854
2948709974
122965078
90020350
101491069
105551470
2948786590
123041694
1530400
90099702
90141369
105672489
2948907609
208971138
90266806
105797926
2949033046
123288150
10317
54405
132060217
1040618
175941243
1235360
176135985
1270029
2948609638
137318925
176170654
101341317
188730038
188774126
1531192
1575280
182595128
90144582
2948910822
105675237
105676169
189004489
12660269
187560894
147788563
142940654
147333814
981440
175882065
147451442
1072349
175972974
105164269
182334789
176242766
182406077
182451696
1492685
90021966
105553086
2948788206
176393310
90061297
105592417
2948827537
123122662
982736
175883361
105165565
1170062
182233998
105379765
188660870
89836747
105367867
2948602987
1343437
101343437
176244062
1417365
89946646
105477766
2948712886
153224406
176317990
101493981
176394606
182557917
215852862
1620548
153380374
90143331
105674451
2948909571
170510066
176514675
182677986
208974050
96985386
142083946
187400905
1170737
89700018
105231138
2948466258
147580737
152977778
158522673
176071362
97440344
158732679
182444679
188769464
97674326
169822030
13805
926478
122477103
175827103
192620917
954997
89484278
105015398
2948250518
175855622
1044106
12663142
116723543
169940122
175944731
187563767
222577562
1075013
175975638
105405206
122969358
97554950
109738565
1534680
1574701
1624013
188963422
89948966
105480086
2948715206
153226726
169823689
96981995
105715214
12217
188313611
1042518
175943143
1169842
105230243
170065858
176070467
182233778
194557425
1533092
175825959
1043414
116722851
175944039
105166241
105404514
176515351
13342
926015
122476640
175826640
192620454
1043643
12662679
116723080
169939659
175944268
187563304
222577099
13573
136975610
116723779
9527
122652879
147577152
170063168
176067777
1269239
176169864
188657960
158656492
1340527
176241152
105474856
1491071
176391696
1530402
105590803
182675076
208971140
188311713
188413427
89583656
89843867
101270031
105374987
2948610107
153121160
188658752
101341319
182405255
188730040
1491863
176392488
182555799
1615770
105676171
153378256
176516395
189004491
109855148
182675868
208971932
90267600
105798720
2949033840
923816
105041843
89540424
105071544
2948306664
1041444
175942069
1072351
175972976
1270855
105331256
176171480
1342143
89871424
105402544
2948637664
176242768
182406079
182451698
97438375
137427670
90021968
105553088
2948788208
1532018
90061299
105592419
2948827539
1572039
1617658
105632440
105714576
147334455
188431461
105230465
170066080
176070689
182234000
208530064
1272151
89801432
105332552
2948567672
176172776
182336087
122858093
182407375
1533314
90102616
105633736
2948868856
90143333
105674453
2948909573
176514677
96985388
122476412
13807
1044108
175944733
1534682
182634360
113719441
1343440
11145
121
132059430
1234573
176135198
113891411
101491074
1341322
176241947
208971935
1342146
89634450
122655794
105332555
147577156
122891156
188384324
1084712
175985337
2948609644
105374059
1341323
101341323
153342996
90145055
89481620
105012740
2948247860
1103874
176004499
97401748
123377620
89872724
105403844
2948638964
1380074
142538235
176280699
1614056
153635332
1574707
